ID,Rank1,Rank2,Rank3,Rank4,Rank5,Decision
ABBV,0.1718,0.2176,0.2185,0.219,0.1731,0.0023
ACN,0.2058,0.1999,0.1895,0.1996,0.2052,0.0106
AEP,0.1596,0.225,0.2298,0.2253,0.1603,0.0106
AIZ,0.1714,0.2193,0.2183,0.2186,0.1724,0.0023
ALLE,0.1704,0.2199,0.2195,0.2198,0.1704,0.0106
AMAT,0.2802,0.1517,0.1364,0.1532,0.2785,0.0023
AMP,0.2425,0.177,0.1621,0.1764,0.242,0.002
AMZN,0.2721,0.1584,0.1411,0.1573,0.2711,0.0023
AVB,0.2029,0.201,0.1913,0.1995,0.2053,0.002
AVY,0.2357,0.1808,0.1683,0.1818,0.2334,0.009
AXP,0.2589,0.1665,0.151,0.1655,0.2581,0.002
BDX,0.1657,0.2218,0.2233,0.2229,0.1663,0.009
BF-B,0.2033,0.2004,0.1924,0.2009,0.203,0.0061
BMY,0.1433,0.2334,0.2452,0.2336,0.1445,0.009
BR,0.1924,0.2081,0.1998,0.2073,0.1924,0.0061
CARR,0.2289,0.1847,0.1722,0.1856,0.2286,0.004
CDW,0.2179,0.1917,0.1807,0.1913,0.2184,0.0061
CE,0.2439,0.1758,0.1618,0.1764,0.2421,0.004
CHTR,0.2424,0.1767,0.1617,0.1758,0.2434,0.0057
CNC,0.2354,0.1803,0.1675,0.1811,0.2357,0.004
CNP,0.1801,0.2148,0.2107,0.2137,0.1807,0.0057
COP,0.3028,0.1378,0.1207,0.1374,0.3013,0.002
CTAS,0.2369,0.1805,0.1661,0.1799,0.2366,0.0057
CZR,0.3442,0.1094,0.0941,0.1095,0.3428,0.002
DG,0.1906,0.208,0.2028,0.208,0.1906,0.011
DPZ,0.2422,0.1766,0.1624,0.1764,0.2424,0.002
DRE,0.2288,0.1849,0.1715,0.1843,0.2305,0.011
DXC,0.2731,0.1571,0.1409,0.1576,0.2713,0.006
FB,0.2134,0.1951,0.1848,0.1942,0.2125,0.011
FTV,0.2188,0.1903,0.1815,0.1913,0.2181,0.006
GOOG,0.2525,0.1708,0.1548,0.1695,0.2524,0.0078
GPC,0.1951,0.2057,0.1996,0.2048,0.1948,0.006
HIG,0.2101,0.1961,0.1871,0.1978,0.2089,0.0078
HST,0.2821,0.1518,0.1345,0.1511,0.2805,0.0072
JPM,0.2267,0.1864,0.1743,0.1866,0.226,0.0078
KR,0.2167,0.1921,0.1806,0.1923,0.2183,0.0072
OGN,0.2302,0.1835,0.1708,0.1843,0.2312,0.0035
PG,0.1773,0.216,0.2136,0.2154,0.1777,0.0072
PPL,0.1502,0.2305,0.2389,0.2301,0.1503,0.0035
PRU,0.2158,0.1929,0.1826,0.194,0.2147,0.0064
PYPL,0.3236,0.1235,0.1072,0.1242,0.3215,0.0035
RE,0.1948,0.2062,0.1991,0.2064,0.1935,0.0064
ROL,0.199,0.2039,0.1948,0.2028,0.1995,0.0017
ROST,0.2544,0.1686,0.1534,0.169,0.2546,0.0064
UNH,0.2112,0.1956,0.1859,0.1964,0.2109,0.0017
URI,0.2846,0.1494,0.1335,0.1495,0.283,0.0058
V,0.2172,0.1925,0.1811,0.192,0.2172,0.0017
VRSK,0.2003,0.2027,0.193,0.202,0.202,0.0058
WRK,0.2468,0.1751,0.1593,0.1734,0.2454,0.0017
XOM,0.2699,0.1601,0.1428,0.1581,0.2691,0.0058
IVV,0.1642,0.2237,0.2252,0.2234,0.1635,0.0108
IWM,0.2057,0.2,0.1902,0.1987,0.2054,0.0025
EWU,0.1543,0.2282,0.2354,0.228,0.1541,0.0108
EWG,0.1899,0.2083,0.2039,0.2086,0.1893,0.0025
EWL,0.172,0.219,0.2181,0.2188,0.1721,0.0108
EWQ,0.1847,0.2109,0.2095,0.2109,0.184,0.0025
IEUS,0.133,0.239,0.2563,0.2394,0.1323,0.0135
EWJ,0.1406,0.2362,0.2474,0.2349,0.1409,0.0025
EWT,0.1815,0.2137,0.2107,0.2133,0.1808,0.0135
MCHI,0.2388,0.1796,0.1643,0.1788,0.2385,0.0078
INDA,0.1676,0.2216,0.2228,0.2206,0.1674,0.0135
EWY,0.184,0.2125,0.2085,0.2117,0.1833,0.0078
EWA,0.1763,0.2169,0.2149,0.2157,0.1762,0.0053
EWH,0.1562,0.2267,0.2342,0.228,0.1549,0.0078
EWZ,0.244,0.1755,0.1608,0.1763,0.2434,0.0053
EWC,0.1746,0.2179,0.2168,0.217,0.1737,0.0373
IEMG,0.1539,0.2287,0.235,0.2285,0.1539,0.0053
LQD,0.0676,0.2626,0.3377,0.2628,0.0693,0.0373
HYG,0.0902,0.2561,0.3058,0.2572,0.0907,0.0278
SHY,0.0075,0.2298,0.5218,0.2329,0.008,0.0373
IEF,0.0569,0.2634,0.3564,0.2652,0.0581,0.0278
TLT,0.1399,0.2351,0.2473,0.2351,0.1426,0.0105
SEGA.L,0.203,0.1999,0.1916,0.2009,0.2046,0.0278
IEAA.L,0.2024,0.2001,0.1912,0.2005,0.2058,0.0105
HIGH.L,0.2036,0.1994,0.1907,0.2008,0.2055,0.0261
JPEA.L,0.2032,0.1992,0.1924,0.1989,0.2063,0.0105
IAU,0.0932,0.2556,0.3015,0.2559,0.0938,0.0261
SLV,0.1883,0.2102,0.205,0.2087,0.1878,0.0188
GSG,0.2429,0.1756,0.1625,0.1768,0.2422,0.0261
REET,0.1213,0.2453,0.2669,0.2457,0.1208,0.0188
ICLN,0.2558,0.1689,0.1527,0.1672,0.2554,0.0115
IXN,0.2014,0.2023,0.1935,0.2012,0.2016,0.0188
IGF,0.0895,0.2576,0.3059,0.2579,0.0891,0.0115
IUVL.L,0.2028,0.2,0.1926,0.2007,0.2039,0.0068
IUMO.L,0.2033,0.1998,0.1927,0.2,0.2042,0.0115
SPMV.L,0.2033,0.1997,0.1911,0.2008,0.2051,0.0068
IEVL.L,0.2036,0.2,0.1921,0.2001,0.2042,0.0132
IEFM.L,0.2032,0.201,0.1909,0.2004,0.2045,0.0068
MVEU.L,0.2039,0.1993,0.1908,0.2005,0.2055,0.0132
XLK,0.206,0.2,0.1891,0.1988,0.2061,0.0162
XLF,0.1838,0.212,0.2084,0.2125,0.1833,0.0132
XLV,0.1321,0.2392,0.2556,0.24,0.1331,0.0162
XLE,0.2719,0.1583,0.1416,0.1582,0.27,0.0053
XLY,0.2245,0.1876,0.1757,0.189,0.2232,0.0162
XLI,0.1589,0.2261,0.2307,0.2263,0.158,0.0053
XLC,0.1944,0.2064,0.1996,0.206,0.1936,0.0248
XLU,0.1423,0.2346,0.2464,0.2338,0.1429,0.0053
XLP,0.1238,0.2435,0.2651,0.244,0.1236,0.0248
XLB,0.1822,0.2128,0.2112,0.213,0.1808,0.0053
VXX,0.338,0.112,0.0977,0.1125,0.3398,0.0248
